12.9690579 77.56802889999994
12.966509 77.57038869999997
12.9677633 77.60688540000001
12.9663316 77.59631749999994
12.9746708 77.60961339999994
12.9728254 77.61444789999996
12.9669112 77.59939129999998
12.9654282 77.60036319999995
12.967585 77.600236
12.973767 77.61271699999998
12.9720835 77.59490759999994
12.9715987 77.59456269999998
12.9732785 77.61701889999995
12.9719428 77.60456629999999
12.9659124 77.59552559999997
12.9589163 77.58609189999993
12.9599001 77.53332619999992
12.967729 77.53659500000003
12.9590716 77.60027309999998
12.9610667 77.58569599999998
12.9703539 77.60869219999995
12.973445 77.61244199999999
12.971598 77.594562
12.9727975 77.61436879999997
12.9670968 77.60479329999998
12.959821 77.52928700000007
12.975212 77.59960000000001
12.9567695 77.58522659999994
12.9578196 77.53429510000001
12.9656717 77.61596589999999
12.9740625 77.60919209999997
12.961945 77.59920220000004
12.966393 77.61432400000001
12.971606 77.59437600000001
12.967167 77.54263300000002
12.960648 77.60037299999999
12.9719838 77.6069771
12.9715987 77.59456269999998
12.9709072 77.60085720000006
12.9714806 77.60700729999996
12.9672752 77.60739079999996
12.9715987 77.59456269999998
12.9576181 77.60583670000005
12.9661229 77.59587940000006
12.971151 77.60837800000002
12.9660916 77.60627649999992
12.9737786 77.59925090000002
12.9710912 77.59723150000002
12.975733 77.60194999999999
12.9715987 77.59456269999998
12.963874 77.5967091
12.9644274 77.59744839999996
12.9745691 77.61007040000004
12.963778 77.60627199999999
12.974223 77.61436100000003
12.9698964 77.53263379999999
12.9758137 77.61646089999999
12.974867 77.61913299999992
12.973749 77.57764900000006
12.9562558 77.58345629999997
12.9599503 77.52713270000004
12.9472251 77.59411599999999
12.9479075 77.57301580000001
12.9475797 77.59492939999996
12.9489814 77.59775960000002
12.9505496 77.56784349999998
12.9474167 77.5996126
12.9505446 77.6079125
12.9426147 77.69191150000006
13.0218543 77.65001459999996
12.9404884 77.56696720000002
12.950976 77.64407099999994
13.0509886 77.62043059999996
13.0119829 77.5562976
12.924928 77.62785499999995
12.9132975 77.63509690000001
12.9174893 77.50049899999999
12.9903029 77.59417189999999
12.9559984 77.63841230000003
12.9323498 77.68370049999999
12.9859436 77.73411820000001
12.982939 77.73332499999992
12.9343776 77.69436300000007
12.9351252 77.61427589999994
12.9257874 77.6317656
12.9903783 77.59410600000001
12.990477 77.66952400000002
12.98803 77.5922084
12.9309975 77.69104240000001
12.920558 77.500723
12.9254117 77.61921189999998
13.005645 77.57842699999992
13.0015706 77.66233480000005
12.9738848 77.72126019999996
12.91602 77.63174400000003
12.915142 77.58603700000003
12.908606 77.59990779999998
12.8379421 77.66381330000002
12.924903 77.58902799999998
12.9555003 77.63706350000007
12.892152 77.597532
12.963164 77.71747200000004
12.9695956 77.64157920000002
12.9174298 77.59343280000007
12.9221892 77.68363679999993
12.932654 77.60372299999995
12.923456 77.64701539999999
12.9337229 77.61299680000002
13.0191532 77.55240700000002
12.991605 77.591857
12.977607 77.64296100000001
12.896247 77.56537800000001
12.9586735 77.63964429999999
12.9332007 77.68364939999992
12.9705601 77.62764570000002
12.9612653 77.63531139999998
12.9191837 77.56258200000002
12.991063 77.7295858
12.956989 77.6648748
12.930974 77.57850299999996
12.9403764 77.57554149999999
13.0352811 77.56715229999998
12.983904 77.63895500000001
13.076457 77.59186
12.9233718 77.68054959999995
12.9147951 77.59488710000005
12.962972 77.71771100000001
12.962524 77.701997
12.9818184 77.6384974
12.9837332 77.5930452
12.9330202 77.63135149999994
12.8866553 77.58199650000006
12.9484165 77.6438114
12.9366624 77.57448969999996
12.980524 77.64605699999993
13.045939 77.62033539999993
12.9866627 77.73076760000004
13.0270777 77.59318680000001
12.8997301 77.6355797
12.9715759 77.71872340000004
12.909336 77.56509919999996
12.9840632 77.72940070000004
12.9247785 77.631482
12.9330842 77.58315049999999
12.93972 77.58043599999996
12.9592607 77.66131819999998
13.028694 77.589564
12.989112 77.66343499999994
12.987736 77.57981700000005
13.013882 77.57400099999995
12.9855579 77.73988589999999
13.0364285 77.57462299999997
12.9344613 77.61342620000005
12.987615 77.59500300000002
12.933881 77.61772429999996
12.9323938 77.60352560000001
12.9175384 77.58224670000004
12.972386 77.63738699999999
13.0247795 77.59247119999998
12.9873369 77.59154239999998
12.9104944 77.58892059999994
12.944221 77.57106099999999
12.998889 77.57719050000003
12.9915758 77.61158269999999
13.0383548 77.56518519999997
12.9783412 77.722714
12.942881 77.54448260000004
12.9342601 77.69423710000001
12.9876536 77.55993799999999
12.9858345 77.73600160000001
12.9207778 77.58628190000002
12.9424238 77.69458829999996
12.915738 77.60245439999994
12.9246358 77.6187046
12.9907521 77.57689649999998
12.959051 77.66127699999993
13.02676 77.60501799999997
12.9194406 77.60968100000002
12.9943129 77.7017257
12.9123352 77.64233869999998
12.9678993 77.6515885
12.953756 77.64106900000002
12.970368 77.64217699999995
13.0734129 77.55549350000001
12.9947899 77.66593690000002
12.9165226 77.62320479999994
13.0205931 77.59251419999998
12.9121602 77.59948009999994
13.07442 77.52270599999997
13.041809 77.61326899999995
12.9462897 77.57355370000005
12.9059392 77.59480480000002
12.993309 77.59416099999999
12.93526 77.63095099999998
13.0060735 77.57696269999997
12.914755 77.59777600000007
13.0333711 77.56878170000005
12.9913649 77.5950623
12.9370082 77.70045949999997
13.0030624 77.56429279999998
13.0262606 77.60921529999996
12.998531 77.61322399999995
12.982024 77.60187700000006
13.0146974 77.6461961
12.9215013 77.57049440000003
12.924361 77.67390999999998
12.9336163 77.57354579999992
12.986765 77.64577299999996
13.034644 77.55764299999998
12.925891 77.68665399999998
13.0258174 77.62680849999992
12.8498869 77.65898149999998
12.9369323 77.62170630000003
13.0299704 77.56066710000005
12.9367286 77.62808940000002
12.9203039 77.5865503
13.0554096 77.59300770000004
12.852451 77.66764280000007
12.9237234 77.56045100000006
12.9255426 77.5884929
12.9340155 77.61841989999994
12.977983 77.63452200000006
13.0199424 77.65223349999997
12.9792304 77.715554
13.017063 77.64661699999999
12.9264163 77.56964110000001
13.024066 77.595553
12.854729 77.66281900000001
12.854603 77.66232600000001
13.0111631 77.60966689999998
13.0196166 77.60702790000005
12.981372 77.7261992
12.819919 77.51401599999997
12.9149876 77.58715230000007
12.9727308 77.65058799999997
13.009749 77.57121099999995
12.9616117 77.58288370000002
12.9449713 77.58668169999999
12.9938368 77.58123820000003
13.004725 77.57774500000005
12.9408476 77.57300910000004
12.9453146 77.58621189999997
13.0089064 77.56175989999997
12.9912575 77.55531440000004
12.994533 77.53233499999999
12.904171 77.59479299999998
13.035488 77.56759599999998
12.9197017 77.57590770000002
12.926184 77.58552399999996
13.0229764 77.5616741
13.030254 77.57046590000004
13.0303352 77.55754079999997
12.937383 77.58194600000002
12.9876654 77.59827519999999
12.9 77.48333300000002
13.0352886 77.5752675
12.9285516 77.56372439999996
12.911932 77.59815800000001
13.0223141 77.59489459999998
12.9084661 77.59939800000006
13.03522 77.567589
12.8804626 77.5975512
12.914402 77.63860299999999
12.9829543 77.559303
12.9856699 77.59672790000002
12.9816226 77.604151
12.985175 77.53739999999993
12.982224 77.54774599999996
12.984166 77.55028800000002
12.9836521 77.5957568
12.9836495 77.59566310000002
12.9800556 77.61281770000005
12.9852337 77.60685050000006
12.985001 77.59627999999998
12.982834 77.53249200000005
12.986012 77.54176099999995
12.981548 77.55456000000004
12.9855934 77.54927229999998
12.9822999 77.60825169999998
12.9820708 77.60884779999992
12.982436 77.62407299999995
12.982494 77.62483599999996
12.9702983 77.63188360000004
13.007558 77.56617770000003
12.9544979 77.70015850000004
12.9466586 77.64644269999997
12.919525 77.64923509999994
13.0111941 77.65926250000007
13.018303 77.65877999999998
12.9585214 77.65654339999992
12.9566988 77.71463589999996
12.9781684 77.66488349999997
12.984476 77.74360090000005
12.9963854 77.68870919999995
12.9756928 77.72052759999997
12.9786267 77.66573740000001
13.022098 77.71142699999996
12.980643 77.72381700000005
12.972891 77.67773799999998
12.9833885 77.73111900000004
12.9760324 77.72580399999993
13.017352 77.65764300000001
12.9784849 77.66440269999998
12.9965395 77.69135440000002
12.971895 77.73377549999998
12.9832398 77.6928891
12.968318 77.65699799999993
12.9863507 77.74012010000001
12.986736 77.74020399999995
12.974794 77.67084999999997
12.965319 77.65862400000003
13.012733 77.64805000000001
12.9789188 77.65668329999994
12.9899449 77.71291280000003
12.9718184 77.71856930000001
12.994015 77.66131280000002
12.9868351 77.6937974
12.9629292 77.71762850000005
12.9678365 77.65314820000003
12.984695 77.73331400000006
12.9807072 77.72682710000004
12.976251 77.72515650000003
12.9781897 77.66508150000004
12.978532 77.66339689999995
12.9754635 77.71842240000001
12.98118 77.72663
12.9838944 77.73322619999999
13.015883 77.66226699999993
12.9921869 77.70337740000002
12.9696387 77.71797179999999
12.9789659 77.69389090000004
13.021178 77.64734299999998
12.9736813 77.71722709999995
12.9788002 77.65883239999994
12.9853591 77.70812619999992
12.9721976 77.75071419999995
12.9726769 77.71823919999997
12.9738209 77.6471431
12.986156 77.73322289999999
12.9743773 77.71516159999999
12.9700026 77.65087070000004
12.9705 77.64593300000001
12.9674183 77.71565439999995
12.9796186 77.72427900000002
12.9913884 77.72940199999994
12.965481 77.71343100000001
12.9817259 77.72160889999998
13.022129 77.64699999999993
13.0263861 77.68096519999995
12.9737933 77.6447207
12.9720596 77.64696779999997
13.024429 77.64403900000002
12.9783216 77.64398570000003
13.0181493 77.6431632
12.9618118 77.6497124
12.9720174 77.64315039999997
12.96907 77.64362000000006
12.9626295 77.64412119999997
12.9685772 77.64203029999999
12.9709649 77.7182752
13.021115 77.67887500000006
12.977842 77.65797620000001
12.9640986 77.74855350000007
12.9261732 77.58402849999993
12.9337514 77.61850759999993
12.9342823 77.6023255
12.9377976 77.60567679999997
12.9277931 77.63263400000005
12.919304 77.649946
12.911074 77.63511300000005
12.9104204 77.61462489999997
12.9591716 77.65264120000006
12.914996 77.61902199999997
12.9418787 77.62163929999997
12.916459 77.63589300000001
12.91213 77.63572399999998
12.957475 77.64163600000006
12.936628 77.61996079999994
12.9346276 77.61403989999997
12.9287258 77.62891709999997
12.9606903 77.63717129999998
12.956293 77.742707
12.9054556 77.64684899999997
12.9344381 77.59267869999996
12.9274095 77.63754999999992
12.938937 77.63222799999994
13.0280231 77.56145530000003
12.988314 77.592626
13.0338909 77.55387050000002
12.9911035 77.58686539999997
12.9903932 77.59403529999997
13.006888 77.55455000000006
13.008208 77.57052499999998
12.98873 77.54143399999998
12.980732 77.63708399999996
13.0497548 77.62040109999998
13.0427682 77.62148249999996
13.0339001 77.51321170000006
13.060339 77.58427099999994
13.033069 77.55836599999998
13.0422583 77.59131839999998
13.061858 77.59225100000003
13.0380756 77.52183909999997
13.0337636 77.6294696
13.0469746 77.62040360000003
13.026537 77.60915299999999
13.023181 77.60972600000002
13.0359418 77.5698228
13.0451774 77.62092949999999
13.0207271 77.55555129999993
13.062264 77.62617399999999
13.0273058 77.59291009999993
13.081053 77.55968699999994
13.0500688 77.62324690000003
13.0713712 77.63387650000004
13.0471828 77.62076860000002
13.04897 77.59699699999999
13.026211 77.59450400000003
13.0257844 77.63481539999998
13.0435986 77.55374699999993
13.0250212 77.53992040000003
13.029583 77.60628299999996
13.0372475 77.56601330000001
13.0615195 77.61638029999995
13.0494143 77.62120909999999
13.0370019 77.60635409999998
13.0470681 77.61867610000002
13.0265817 77.56624060000001
13.0961343 77.49959220000005
13.1042445 77.57131930000003
13.0836329 77.48352999999997
13.0725638 77.5031275
13.0951318 77.59432960000004
13.1048142 77.58081440000001
13.0978443 77.59704039999997
13.0944536 77.58601220000003
13.034133 77.62913300000002
13.053251 77.618653
13.0448937 77.62159309999993
13.0447869 77.62167360000001
13.0470501 77.62049789999992
13.054671 77.60040099999992
13.0512041 77.62028759999998
13.035267 77.588933
13.0405491 77.57737650000001
13.041403 77.51941899999997
13.044589 77.62158799999997
13.0567931 77.54671410000003
13.0478913 77.51375080000003
13.0993 77.58816379999996
13.0332893 77.56241569999997
13.0937323 77.581501
13.0361 77.51839999999993
13.093867 77.58193299999994
13.04489 77.62654299999997
13.0463875 77.62238739999998
13.0334962 77.51011029999995
13.0367187 77.5185874
13.0423141 77.51589109999998
13.047883 77.51333299999999
13.0342398 77.5596342
13.0454027 77.62685780000004
13.034292 77.62843699999996
13.034328 77.52001940000002
13.10455 77.60801800000002
13.0801934 77.5923745
13.0578383 77.47191109999994
13.0415492 77.53039690000003
13.034211 77.56923400000005
13.037777 77.56804699999998
13.0419526 77.55560130000003
13.0424376 77.58002770000007
13.0352478 77.55373480000003
13.034524 77.59681369999998
13.0492728 77.59330669999997
13.0513126 77.62022139999999
13.0556853 77.59760129999995
13.0462775 77.61849410000002
13.0601804 77.58669809999992
13.043377 77.62563399999999
13.0472214 77.61945229999992
13.0507162 77.63058249999995
13.03686 77.61002299999996
13.0325511 77.60824790000004
13.035373 77.56857500000001
13.0944536 77.5860123
13.031878 77.62173699999994
13.0280509 77.57293270000002
13.1211 77.61249999999995
13.055733 77.63282700000002
13.0556253 77.64072579999993
13.0587854 77.74367810000001
13.1045034 77.60953700000005
13.0204355 77.59354529999996
13.0180988 77.59646640000005
13.025206 77.63117799999998
13.019559 77.596858
13.0227762 77.6397452
13.0299351 77.63478499999997
13.0153437 77.63582670000005
13.025333 77.60365000000002
13.0189259 77.64343589999999
13.02532 77.60559999999998
13.0271 77.6354
13.0253335 77.59319540000001
13.022893 77.59268799999995
13.0235748 77.59254369999996
13.0211367 77.63704959999995
13.0284 77.62058300000001
13.0297455 77.63419909999993
13.0247313 77.63692360000005
13.0146814 77.6156006
13.032067 77.598433
13.0223141 77.59489459999998
13.032961 77.63811399999997
13.0166461 77.64312819999998
13.0315738 77.63566019999996
13.0195677 77.59681309999996
13.02211 77.59315779999997
13.0267202 77.62803029999998
13.0130679 77.59586509999997
13.012057 77.6192145
13.0128 77.63260000000002
13.0081943 77.58733749999999
13.022545 77.64851099999998
13.006125 77.60403099999996
13.0220566 77.58464460000005
13.02277 77.57917900000007
13.007725 77.57983300000001
13.0220538 77.65753810000001
13.0142821 77.64841679999995
13.008747 77.655577
13.0169982 77.591677
13.0081701 77.57128809999995
13.0265715 77.66083409999999
13.0083981 77.64232279999999
13.006366 77.65902699999992
13.0225563 77.5922888
13.0079848 77.66234580000003
13.0060097 77.58374730000003
13.022554 77.64854300000002
13.0131087 77.63193460000002
12.9529456 77.64152749999994
12.9591453 77.64816610000003
12.9563774 77.64884319999999
12.9530197 77.64332109999998
12.960107 77.64379499999995
12.9523911 77.64047210000001
12.9599571 77.64372159999994
12.956487 77.64902800000004
12.9600421 77.64289009999993
12.9580294 77.71635170000002
12.9595297 77.64770870000007
12.9730739 77.6773445
12.9592814 77.64816459999997
12.9781242 77.64003750000006
12.9584916 77.65654259999997
12.960387 77.71356200000002
12.9523231 77.6504539
12.9509887 77.64197139999999
12.9562876 77.64933940000003
12.9519075 77.64090120000003
12.960951 77.64833099999998
12.9600051 77.6437244
12.9590541 77.65261179999993
12.9755576 77.63603839999996
12.9718915 77.64115449999997
12.959812 77.64612620000003
12.9652634 77.63836179999998
12.978044 77.63809400000002
12.9754736 77.63492980000001
12.9772915 77.63599039999997
12.9779622 77.64035939999997
12.9589285 77.64702740000007
12.9501349 77.64212829999997
12.9776469 77.64103669999997
12.9533736 77.64329859999998
12.955972 77.64241800000002
12.9622263 77.64226780000001
12.9704555 77.6456488
12.9838168 77.63884129999997
12.9600692 77.64293329999998
12.977983 77.63873899999999
12.970299 77.63294169999995
12.977216 77.63640699999996
12.956362 77.69508799999994
12.950773 77.70661999999993
12.9797029 77.69398479999995
12.9789132 77.65746089999993
12.9696554 77.71760900000004
12.956581 77.69724300000007
12.983754 77.73330299999998
12.9754164 77.72553560000006
12.967782 77.71321699999999
12.9844402 77.70965019999994
12.9491328 77.69016529999999
12.9593454 77.71611159999998
12.9797307 77.66319739999994
12.97784 77.66533140000001
12.9779308 77.72510650000004
12.9782876 77.65882099999999
12.9684037 77.64021989999992
12.9864775 77.74042729999996
12.957094 77.744193
12.9371002 77.62447799999995
12.9439034 77.69684669999992
12.9911558 77.72953749999999
12.9783536 77.63561600000003
12.9753329 77.65261699999996
12.9687296 77.64978129999997
12.9762665 77.65268839999999
12.959048 77.65184499999998
12.963644 77.64918799999998
12.9572915 77.65389679999998
12.9591012 77.66008850000003
12.9712215 77.65767979999998
12.9675255 77.65379589999998
12.9592045 77.64825329999996
12.9596055 77.64701579999996
12.9713076 77.64932599999997
12.9592607 77.66131819999998
12.9783683 77.65806729999997
12.9662881 77.6936948
12.972176 77.64997700000004
12.974881 77.67866200000003
12.9602563 77.64843819999999
12.9590269 77.66290230000004
12.9582228 77.65916170000003
12.9590475 77.65184469999997
12.9720161 77.65540940000005
12.9583808 77.6542756
12.9591722 77.69741899999997
12.9591722 77.69741899999997
12.9729546 77.65216729999997
12.9591755 77.65301640000007
12.9592607 77.66131819999998
12.9702756 77.64738599999998
12.9598616 77.64929469999993
12.968312 77.64718199999993
12.9676333 77.64551940000001
12.9741305 77.64624950000007
12.8521807 77.66078949999996
12.838425 77.66309649999994
12.842042 77.66310759999999
12.790631 77.61685699999998
12.8535661 77.6659032
12.8451716 77.66534139999999
12.8503185 77.67399969999997
12.854629 77.66200000000003
12.8544506 77.66190510000001
12.8377764 77.66350690000002
12.8411719 77.66710620000003
12.8375476 77.66420019999998
12.8375306 77.66399769999998
12.8377477 77.66385560000003
12.8377739 77.6637915
12.7865052 77.65205820000006
12.8378075 77.66376439999999
12.8137576 77.68562440000005
12.838393 77.6570577
12.8378586 77.66484229999992
12.8399389 77.67700309999998
12.8134746 77.5802162
12.8397247 77.66063150000002
12.8412703 77.66754630000003
12.8418862 77.6556587
12.8378616 77.66496200000006
12.8159214 77.67938129999993
12.8420568 77.66309649999994
12.8394689 77.65880249999998
12.8147293 77.68330949999995
12.811925 77.667146
12.8422117 77.66931920000002
12.8420641 77.66914489999999
12.842203 77.66936599999997
12.8421425 77.66309750000005
12.798661 77.66045220000001
12.814456 77.68386599999997
12.7862054 77.63829409999994
12.808906 77.57842849999997
12.878946 77.64656000000002
12.870599 77.65824399999997
12.8438598 77.67202840000004
12.8491049 77.65883150000002
12.8458609 77.67735689999995
12.8480137 77.67902349999997
12.845893 77.66242699999998
12.8502903 77.66594699999996
12.8545659 77.66213790000006
12.845838 77.66123399999992
12.8443875 77.66557620000003
12.8540697 77.67546820000007
12.8471655 77.65911349999999
12.849962 77.66999099999998
12.8451871 77.66167310000003
12.8516557 77.67594910000003
12.851845 77.66128900000001
12.8498634 77.65738069999998
12.8483423 77.67803279999998
12.84378 77.65649699999994
12.8499955 77.67616049999992
12.8430636 77.656476
12.849782 77.65756209999995
12.8446732 77.66324689999999
12.848943 77.66312599999992
12.839939 77.67700300000001
12.8463488 77.6776314
12.8514645 77.66765120000002
12.8428969 77.675432
12.843953 77.68022700000006
12.842054 77.66475600000001
12.84791 77.66243929999996
12.8513173 77.66309750000005
12.8420568 77.66309649999994
12.8519476 77.67563050000001
12.8416085 77.68002790000003
12.841292 77.667235
12.8417161 77.66699369999992
12.8417677 77.66703289999998
12.845895 77.66698099999996
12.8418928 77.66766480000001
12.8473373 77.67017499999997
12.8478761 77.66329169999995
12.847978 77.66247150000004
12.850289 77.65640400000007
12.843413 77.66207399999996
12.8443345 77.65861659999996
12.841709 77.64966600000002
12.841942 77.64546900000005
12.8418006 77.64594820000002
12.8403782 77.65952140000002
12.8411944 77.6669508
12.840362 77.66253200000006
12.841174 77.66431699999998
12.8548306 77.66502500000001
12.889652 77.59744939999996
12.893212 77.63867499999992
12.891491 77.641258
12.8918103 77.59488620000002
12.8747057 77.59482989999992
12.8781484 77.59540960000004
12.9022055 77.5955434
12.9174373 77.62267829999996
12.90778 77.58542699999998
12.9200392 77.60014360000002
12.9050634 77.62965740000004
12.9012802 77.55878000000007
12.9218529 77.63637360000007
12.9291941 77.61666459999992
12.92861 77.59690699999999
12.895825 77.602308
12.934489 77.62939299999994
12.9164651 77.63587099999995
12.930146 77.609692
12.9178441 77.61442390000002
12.9065487 77.59483380000006
12.921635 77.61381000000006
12.9284991 77.63545320000003
12.934115 77.61841000000004
12.916238 77.60669200000007
12.9069621 77.58573799999999
12.902659 77.54474499999992
12.9333878 77.61535300000003
12.9190111 77.58459360000006
12.914187 77.62352299999998
12.9163054 77.60431840000001
12.9081085 77.63533589999997
12.9183842 77.63818429999992
12.934946 77.54735779999999
12.8957999 77.59706099999994
12.911042 77.63526300000001
12.919649 77.64632400000005
12.9239823 77.55334349999998
12.92404 77.56964429999994
12.9078355 77.58714809999992
12.9171288 77.52693410000006
12.9093978 77.52095009999994
12.9188713 77.50915080000004
12.918655 77.51800700000001
12.9054597 77.50409409999997
12.91831 77.50273399999992
12.917307 77.50082599999996
12.917767 77.50113940000006
12.9033501 77.51575950000006
12.9028567 77.52096849999998
12.915001 77.48167799999999
12.9109328 77.4799418
12.9033524 77.51574519999997
12.9026 77.51909999999998
12.9203393 77.50172670000006
12.9202275 77.5011561
12.9250693 77.48521030000006
12.9264331 77.48569520000001
12.923194 77.50073700000007
12.9756745 77.71214399999997
12.9680778 77.71716909999998
12.9753694 77.71158809999997
12.9666193 77.71176289999994
12.961792 77.70137629999999
12.9755811 77.71214599999996
12.9677239 77.71320029999993
12.9763157 77.71089089999998
12.9716088 77.68142969999997
12.9781637 77.71311330000003
12.966712 77.70188899999994
12.9570224 77.69767649999994
12.959979 77.71601399999997
12.957067 77.70056699999998
12.9563911 77.69606249999993
12.956479 77.69597399999998
12.9483368 77.68940900000007
12.9474531 77.68963250000002
12.949547 77.70671500000003
12.9475212 77.68931109999994
12.9476261 77.69071780000002
12.9525545 77.6994297
12.952883 77.70029999999997
12.9592607 77.66131819999998
12.9550621 77.67999689999999
12.9522474 77.70059570000001
12.954217 77.70030099999997
12.9491945 77.6904161
12.9525064 77.69915130000004
12.9566855 77.69889060000003
12.9568072 77.69824249999999
12.9562414 77.69536749999997
12.956383 77.69536700000003
12.9580946 77.66150379999999
12.925642 77.60025500000006
13.1072584 77.57741669999996
13.0695984 77.55596639999999
13.0793398 77.55928360000007
13.049195 77.55157800000006
13.047863 77.52313600000002
13.0629659 77.46742670000003
13.0627047 77.46245380000005
13.096814 77.57806800000003
13.097334 77.58130600000004
13.104245 77.57131900000002
13.098166 77.56158000000005
13.103304 77.56545000000006
13.097687 77.56451400000003
13.108258 77.57306399999993
13.0981709 77.58461950000003
13.099761 77.58141999999998
13.0952477 77.579836
13.1000685 77.57754509999995
13.094867 77.58018300000003
13.1069439 77.57853009999997
13.101243 77.58441879999998
13.097883 77.566146
13.0945366 77.58080889999997
13.094433 77.580783
13.099374 77.58945599999993
13.1028266 77.57693900000004
13.1149966 77.57611680000002
13.0879274 77.58527700000002
13.0883132 77.63678789999994
13.0961933 77.59366210000007
13.0787982 77.55905240000004
13.072105 77.55688399999997
13.0699367 77.55512180000005
13.0779056 77.5574593
13.070422 77.55558599999995
13.0772966 77.55842099999995
13.073861 77.55698000000007
13.0808054 77.56059049999999
13.0825091 77.5600488
13.0810328 77.55969200000004
12.4342104 77.33046820000004
12.4342104 77.33046820000004
12.4342104 77.33046820000004
12.5241894 78.21644160000005
12.5198507 78.21816890000002
12.604094 77.85248589999992
12.533908 78.24912399999994
12.5426904 78.35662209999998
12.5226315 78.21877240000003
12.5195725 78.21992709999995
12.5120739 78.22005990000002
12.523741 78.21691599999997
12.5198 78.22168699999997
13.0275213 77.57931409999992
13.0122358 77.55613399999993
13.0025914 77.54249789999994
13.0048692 77.56243289999998
13.0077448 77.56352079999999
13.010216 77.63523099999998
12.9975067 77.6578366
12.9979561 77.62603339999998
13.0080743 77.65609990000007
12.999199 77.66280800000004
13.004265 77.66042199999993
13.0017696 77.59495289999995
12.9808573 77.64588060000005
12.9739183 77.72094429999993
12.990338 77.58823600000005
12.937268 77.61038710000003
12.9397147 77.58034470000007
12.9388319 77.6266458
12.9365395 77.62642800000003
12.9416037 77.58568689999993
12.9393036 77.62830450000001
12.9368408 77.58321890000002
12.9383494 77.63104390000001
12.93852 77.57943799999998
12.940137 77.57566220000001
12.9413371 77.5974764
12.9449536 77.59478999999999
12.928243 77.62403900000004
12.9316556 77.62269590000005
12.9302701 77.62310009999999
12.929649 77.62246800000003
12.9316556 77.62269590000005
12.9316556 77.62269590000005
12.9392059 77.62175890000003
12.9439831 77.6203769
12.9421881 77.62099130000001
12.9387571 77.61893169999996
12.9380537 77.62651019999998
12.9380753 77.6277533
12.93807 77.63089000000002
12.9398855 77.62252809999995
12.9458836 77.60967490000007
12.938032 77.62764500000003
12.9390911 77.61933509999994
12.9381122 77.62582950000001
12.943108 77.62177099999997
12.9443561 77.61667999999997
12.9382998 77.63050479999993
12.9421742 77.62285259999999
12.940855 77.62430599999993
12.9392761 77.62828339999999
12.9403069 77.62522749999994
12.9420233 77.61934769999993
12.9379676 77.62363329999994
12.9404964 77.62354110000001
12.9401489 77.62491690000002
12.9389219 77.62910409999995
12.939168 77.62670760000003
12.9379381 77.62165900000002
12.942787 77.61517099999992
12.9400925 77.62550770000007
12.9384287 77.6188545
12.8998928 77.59544920000008
12.8999681 77.59712660000002
12.8975781 77.58529899999996
12.8977045 77.58245269999998
12.8994 77.63088300000004
12.8914689 77.63749510000002
12.899184 77.59727900000007
12.899264 77.63048609999998
12.899152 77.63094999999998
12.891682 77.63831299999993
12.898786 77.63471299999992
12.8822231 77.59577569999999
12.8932065 77.6005983
12.9003537 77.59494560000007
12.8992775 77.59664479999992
12.8976862 77.63059450000003
12.8994432 77.63125059999993
12.9000545 77.63124219999997
12.893367 77.5797
12.8710809 77.65590010000005
12.8885127 77.63903010000001
12.8872946 77.59706319999998
12.900041 77.60070829999995
12.8914665 77.57623209999997
12.8914587 77.63720969999997
12.899821 77.63555199999996
12.8391864 77.65913479999995
12.8350044 77.6603043
12.8368286 77.66222730000004
12.839852 77.66234499999996
12.839333 77.66158999999993
12.8345729 77.66084339999998
12.826889 77.67998799999998
12.833346 77.67946400000005
12.8333975 77.67942100000005
12.8344447 77.67939760000002
12.823389 77.678315
12.861451 77.66470800000002
12.8545652 77.66213889999995
12.8543645 77.6752659
12.8474419 77.6899803
12.8724905 77.66324069999996
12.89307 77.61486779999996
12.869909 77.61255000000006
12.8443718 77.66655409999998
12.8427491 77.6702315
12.8831219 77.56605279999997
12.8944062 77.55626610000002
12.8751143 77.53812970000001
12.861688 77.56170399999996
12.956801 77.60596299999997
12.964506 77.60641499999997
12.9632581 77.61375220000002
12.963291 77.61429799999996
12.963481 77.60513209999999
12.9608987 77.61820609999995
12.9634447 77.61263789999998
12.9548891 77.6145583
12.9654553 77.61879950000002
12.9603511 77.56202269999994
12.9579846 77.53542949999996
12.947875 77.59798090000004
12.9394817 77.68907569999999
12.9420097 77.69421390000002
12.9357554 77.69367650000004
12.92621 77.66964899999994
12.9356421 77.69583319999992
12.936746 77.69058640000003
12.9393118 77.69598169999995
12.9274719 77.633106
12.936484 77.62784899999997
12.9264318 77.67988179999998
12.9316979 77.69054640000002
12.9437636 77.69133750000003
12.931051 77.63188250000007
12.9388373 77.69359589999999
12.9367044 77.69127849999995
12.937056 77.62861199999998
12.9438736 77.69143150000002
12.931441 77.68544900000006
12.93468 77.62436709999997
12.911262 77.58854999999994
12.925722 77.68686090000006
12.9201448 77.55983449999997
12.914845 77.61501399999997
12.9205118 77.67061739999997
12.919815 77.6212587
12.972787 77.60720700000002
12.9826696 77.60134779999998
12.975933 77.61690599999997
12.974531 77.61427300000003
12.974219 77.61433099999999
12.97495 77.60516699999994
12.9728184 77.61134330000004
12.9735588 77.61596550000002
12.9747997 77.61691739999992
12.9758887 77.60398639999994
12.9725466 77.60478260000002
12.9806572 77.6057257
12.9820741 77.59868549999999
12.97515 77.61456699999997
12.974361 77.599336
12.9820392 77.6018398
12.976234 77.59895299999994
12.974486 77.61966340000004
12.973644 77.60335580000003
12.9731967 77.60617130000003
12.9733039 77.61652589999994
12.974286 77.59882540000001
12.9736522 77.61665670000002
12.9734911 77.5991315
12.9753531 77.60680769999999
12.975517 77.617483
12.9805848 77.60401769999999
12.973767 77.61271699999998
12.973195 77.60706800000003
12.9736016 77.60787879999998
12.973267 77.61271699999998
12.9725416 77.6177113
12.9756396 77.5974043
12.974478 77.60934999999995
12.972191 77.60116200000004
12.9729847 77.6140097
12.9762541 77.60219419999999
12.974599 77.60171500000001
12.982867 77.60853299999997
12.972191 77.60116200000004
12.97463 77.60285799999997
12.9756032 77.61444030000007
12.974763 77.61458870000001
12.9754815 77.61810779999996
12.9735074 77.61677809999992
12.98322 77.61289299999999
12.974246 77.60761400000001
12.982236 77.60827900000004
12.980618 77.60350600000004
12.97495 77.60516699999994
12.973517 77.60938299999998
12.972609 77.59854900000005
12.9745396 77.60710719999997
12.9804962 77.60095100000001
12.9759915 77.61526600000002
12.974717 77.60878300000002
12.9800556 77.61281770000005
12.9819137 77.59745650000002
12.9825369 77.60751989999994
12.9800602 77.61277589999997
12.975453 77.61772689999998
12.9760749 77.61466519999999
12.9800966 77.6053915
12.9757876 77.60729309999999
12.9737336 77.6157528
12.973267 77.61271699999998
12.9732763 77.61483909999993
12.975399 77.60298599999999
12.9750808 77.61816899999997
12.9745147 77.61966619999998
12.9740678 77.61952399999996
12.9808376 77.596049
12.9799068 77.60245269999996
12.9739253 77.61948380000001
12.887039 77.54740100000004
12.9131327 77.635176
12.920493 77.572499
12.9109564 77.59924660000001
12.912995 77.61011699999995
12.9116897 77.60186969999995
12.912263 77.597759
12.9104334 77.58934380000005
12.9268487 77.58471970000005
12.906914 77.59968700000002
12.922085 77.63908200000003
12.9135113 77.61480840000002
12.9137341 77.62528939999993
13.013829 77.53864999999996
13.0100574 77.53664400000002
13.0126173 77.52123940000001
13.010014 77.53676100000007