12.9690579
12.966509
12.9677633
12.9663316
12.9746708
12.9728254
12.9669112
12.9654282
12.967585
12.973767
12.9720835
12.9715987
12.9732785
12.9719428
12.9659124
12.9589163
12.9599001
12.967729
12.9590716
12.9610667
12.9703539
12.973445
12.971598
12.9727975
12.9670968
12.959821
12.975212
12.9567695
12.9578196
12.9656717
12.9740625
12.961945
12.966393
12.971606
12.967167
12.960648
12.9719838
12.9715987
12.9709072
12.9714806
12.9672752
12.9715987
12.9576181
12.9661229
12.971151
12.9660916
12.9737786
12.9710912
12.975733
12.9715987
12.963874
12.9644274
12.9745691
12.963778
12.974223
12.9698964
12.9758137
12.974867
12.973749
12.9562558
12.9599503
12.9472251
12.9479075
12.9475797
12.9489814
12.9505496
12.9474167
12.9505446
12.9426147
13.0218543
12.9404884
12.950976
13.0509886
13.0119829
12.924928
12.9132975
12.9174893
12.9903029
12.9559984
12.9323498
12.9859436
12.982939
12.9343776
12.9351252
12.9257874
12.9903783
12.990477
12.98803
12.9309975
12.920558
12.9254117
13.005645
13.0015706
12.9738848
12.91602
12.915142
12.908606
12.8379421
12.924903
12.9555003
12.892152
12.963164
12.9695956
12.9174298
12.9221892
12.932654
12.923456
12.9337229
13.0191532
12.991605
12.977607
12.896247
12.9586735
12.9332007
12.9705601
12.9612653
12.9191837
12.991063
12.956989
12.930974
12.9403764
13.0352811
12.983904
13.076457
12.9233718
12.9147951
12.962972
12.962524
12.9818184
12.9837332
12.9330202
12.8866553
12.9484165
12.9366624
12.980524
13.045939
12.9866627
13.0270777
12.8997301
12.9715759
12.909336
12.9840632
12.9247785
12.9330842
12.93972
12.9592607
13.028694
12.989112
12.987736
13.013882
12.9855579
13.0364285
12.9344613
12.987615
12.933881
12.9323938
12.9175384
12.972386
13.0247795
12.9873369
12.9104944
12.944221
12.998889
12.9915758
13.0383548
12.9783412
12.942881
12.9342601
12.9876536
12.9858345
12.9207778
12.9424238
12.915738
12.9246358
12.9907521
12.959051
13.02676
12.9194406
12.9943129
12.9123352
12.9678993
12.953756
12.970368
13.0734129
12.9947899
12.9165226
13.0205931
12.9121602
13.07442
13.041809
12.9462897
12.9059392
12.993309
12.93526
13.0060735
12.914755
13.0333711
12.9913649
12.9370082
13.0030624
13.0262606
12.998531
12.982024
13.0146974
12.9215013
12.924361
12.9336163
12.986765
13.034644
12.925891
13.0258174
12.8498869
12.9369323
13.0299704
12.9367286
12.9203039
13.0554096
12.852451
12.9237234
12.9255426
12.9340155
12.977983
13.0199424
12.9792304
13.017063
12.9264163
13.024066
12.854729
12.854603
13.0111631
13.0196166
12.981372
12.819919
12.9149876
12.9727308
13.009749
12.9616117
12.9449713
12.9938368
13.004725
12.9408476
12.9453146
13.0089064
12.9912575
12.994533
12.904171
13.035488
12.9197017
12.926184
13.0229764
13.030254
13.0303352
12.937383
12.9876654
12.9
13.0352886
12.9285516
12.911932
13.0223141
12.9084661
13.03522
12.8804626
12.914402
12.9829543
12.9856699
12.9816226
12.985175
12.982224
12.984166
12.9836521
12.9836495
12.9800556
12.9852337
12.985001
12.982834
12.986012
12.981548
12.9855934
12.9822999
12.9820708
12.982436
12.982494
12.9702983
13.007558
12.9544979
12.9466586
12.919525
13.0111941
13.018303
12.9585214
12.9566988
12.9781684
12.984476
12.9963854
12.9756928
12.9786267
13.022098
12.980643
12.972891
12.9833885
12.9760324
13.017352
12.9784849
12.9965395
12.971895
12.9832398
12.968318
12.9863507
12.986736
12.974794
12.965319
13.012733
12.9789188
12.9899449
12.9718184
12.994015
12.9868351
12.9629292
12.9678365
12.984695
12.9807072
12.976251
12.9781897
12.978532
12.9754635
12.98118
12.9838944
13.015883
12.9921869
12.9696387
12.9789659
13.021178
12.9736813
12.9788002
12.9853591
12.9721976
12.9726769
12.9738209
12.986156
12.9743773
12.9700026
12.9705
12.9674183
12.9796186
12.9913884
12.965481
12.9817259
13.022129
13.0263861
12.9737933
12.9720596
13.024429
12.9783216
13.0181493
12.9618118
12.9720174
12.96907
12.9626295
12.9685772
12.9709649
13.021115
12.977842
12.9640986
12.9261732
12.9337514
12.9342823
12.9377976
12.9277931
12.919304
12.911074
12.9104204
12.9591716
12.914996
12.9418787
12.916459
12.91213
12.957475
12.936628
12.9346276
12.9287258
12.9606903
12.956293
12.9054556
12.9344381
12.9274095
12.938937
13.0280231
12.988314
13.0338909
12.9911035
12.9903932
13.006888
13.008208
12.98873
12.980732
13.0497548
13.0427682
13.0339001
13.060339
13.033069
13.0422583
13.061858
13.0380756
13.0337636
13.0469746
13.026537
13.023181
13.0359418
13.0451774
13.0207271
13.062264
13.0273058
13.081053
13.0500688
13.0713712
13.0471828
13.04897
13.026211
13.0257844
13.0435986
13.0250212
13.029583
13.0372475
13.0615195
13.0494143
13.0370019
13.0470681
13.0265817
13.0961343
13.1042445
13.0836329
13.0725638
13.0951318
13.1048142
13.0978443
13.0944536
13.034133
13.053251
13.0448937
13.0447869
13.0470501
13.054671
13.0512041
13.035267
13.0405491
13.041403
13.044589
13.0567931
13.0478913
13.0993
13.0332893
13.0937323
13.0361
13.093867
13.04489
13.0463875
13.0334962
13.0367187
13.0423141
13.047883
13.0342398
13.0454027
13.034292
13.034328
13.10455
13.0801934
13.0578383
13.0415492
13.034211
13.037777
13.0419526
13.0424376
13.0352478
13.034524
13.0492728
13.0513126
13.0556853
13.0462775
13.0601804
13.043377
13.0472214
13.0507162
13.03686
13.0325511
13.035373
13.0944536
13.031878
13.0280509
13.1211
13.055733
13.0556253
13.0587854
13.1045034
13.0204355
13.0180988
13.025206
13.019559
13.0227762
13.0299351
13.0153437
13.025333
13.0189259
13.02532
13.0271
13.0253335
13.022893
13.0235748
13.0211367
13.0284
13.0297455
13.0247313
13.0146814
13.032067
13.0223141
13.032961
13.0166461
13.0315738
13.0195677
13.02211
13.0267202
13.0130679
13.012057
13.0128
13.0081943
13.022545
13.006125
13.0220566
13.02277
13.007725
13.0220538
13.0142821
13.008747
13.0169982
13.0081701
13.0265715
13.0083981
13.006366
13.0225563
13.0079848
13.0060097
13.022554
13.0131087
12.9529456
12.9591453
12.9563774
12.9530197
12.960107
12.9523911
12.9599571
12.956487
12.9600421
12.9580294
12.9595297
12.9730739
12.9592814
12.9781242
12.9584916
12.960387
12.9523231
12.9509887
12.9562876
12.9519075
12.960951
12.9600051
12.9590541
12.9755576
12.9718915
12.959812
12.9652634
12.978044
12.9754736
12.9772915
12.9779622
12.9589285
12.9501349
12.9776469
12.9533736
12.955972
12.9622263
12.9704555
12.9838168
12.9600692
12.977983
12.970299
12.977216
12.956362
12.950773
12.9797029
12.9789132
12.9696554
12.956581
12.983754
12.9754164
12.967782
12.9844402
12.9491328
12.9593454
12.9797307
12.97784
12.9779308
12.9782876
12.9684037
12.9864775
12.957094
12.9371002
12.9439034
12.9911558
12.9783536
12.9753329
12.9687296
12.9762665
12.959048
12.963644
12.9572915
12.9591012
12.9712215
12.9675255
12.9592045
12.9596055
12.9713076
12.9592607
12.9783683
12.9662881
12.972176
12.974881
12.9602563
12.9590269
12.9582228
12.9590475
12.9720161
12.9583808
12.9591722
12.9591722
12.9729546
12.9591755
12.9592607
12.9702756
12.9598616
12.968312
12.9676333
12.9741305
12.8521807
12.838425
12.842042
12.790631
12.8535661
12.8451716
12.8503185
12.854629
12.8544506
12.8377764
12.8411719
12.8375476
12.8375306
12.8377477
12.8377739
12.7865052
12.8378075
12.8137576
12.838393
12.8378586
12.8399389
12.8134746
12.8397247
12.8412703
12.8418862
12.8378616
12.8159214
12.8420568
12.8394689
12.8147293
12.811925
12.8422117
12.8420641
12.842203
12.8421425
12.798661
12.814456
12.7862054
12.808906
12.878946
12.870599
12.8438598
12.8491049
12.8458609
12.8480137
12.845893
12.8502903
12.8545659
12.845838
12.8443875
12.8540697
12.8471655
12.849962
12.8451871
12.8516557
12.851845
12.8498634
12.8483423
12.84378
12.8499955
12.8430636
12.849782
12.8446732
12.848943
12.839939
12.8463488
12.8514645
12.8428969
12.843953
12.842054
12.84791
12.8513173
12.8420568
12.8519476
12.8416085
12.841292
12.8417161
12.8417677
12.845895
12.8418928
12.8473373
12.8478761
12.847978
12.850289
12.843413
12.8443345
12.841709
12.841942
12.8418006
12.8403782
12.8411944
12.840362
12.841174
12.8548306
12.889652
12.893212
12.891491
12.8918103
12.8747057
12.8781484
12.9022055
12.9174373
12.90778
12.9200392
12.9050634
12.9012802
12.9218529
12.9291941
12.92861
12.895825
12.934489
12.9164651
12.930146
12.9178441
12.9065487
12.921635
12.9284991
12.934115
12.916238
12.9069621
12.902659
12.9333878
12.9190111
12.914187
12.9163054
12.9081085
12.9183842
12.934946
12.8957999
12.911042
12.919649
12.9239823
12.92404
12.9078355
12.9171288
12.9093978
12.9188713
12.918655
12.9054597
12.91831
12.917307
12.917767
12.9033501
12.9028567
12.915001
12.9109328
12.9033524
12.9026
12.9203393
12.9202275
12.9250693
12.9264331
12.923194
12.9756745
12.9680778
12.9753694
12.9666193
12.961792
12.9755811
12.9677239
12.9763157
12.9716088
12.9781637
12.966712
12.9570224
12.959979
12.957067
12.9563911
12.956479
12.9483368
12.9474531
12.949547
12.9475212
12.9476261
12.9525545
12.952883
12.9592607
12.9550621
12.9522474
12.954217
12.9491945
12.9525064
12.9566855
12.9568072
12.9562414
12.956383
12.9580946
12.925642
13.1072584
13.0695984
13.0793398
13.049195
13.047863
13.0629659
13.0627047
13.096814
13.097334
13.104245
13.098166
13.103304
13.097687
13.108258
13.0981709
13.099761
13.0952477
13.1000685
13.094867
13.1069439
13.101243
13.097883
13.0945366
13.094433
13.099374
13.1028266
13.1149966
13.0879274
13.0883132
13.0961933
13.0787982
13.072105
13.0699367
13.0779056
13.070422
13.0772966
13.073861
13.0808054
13.0825091
13.0810328
12.4342104
12.4342104
12.4342104
12.5241894
12.5198507
12.604094
12.533908
12.5426904
12.5226315
12.5195725
12.5120739
12.523741
12.5198
13.0275213
13.0122358
13.0025914
13.0048692
13.0077448
13.010216
12.9975067
12.9979561
13.0080743
12.999199
13.004265
13.0017696
12.9808573
12.9739183
12.990338
12.937268
12.9397147
12.9388319
12.9365395
12.9416037
12.9393036
12.9368408
12.9383494
12.93852
12.940137
12.9413371
12.9449536
12.928243
12.9316556
12.9302701
12.929649
12.9316556
12.9316556
12.9392059
12.9439831
12.9421881
12.9387571
12.9380537
12.9380753
12.93807
12.9398855
12.9458836
12.938032
12.9390911
12.9381122
12.943108
12.9443561
12.9382998
12.9421742
12.940855
12.9392761
12.9403069
12.9420233
12.9379676
12.9404964
12.9401489
12.9389219
12.939168
12.9379381
12.942787
12.9400925
12.9384287
12.8998928
12.8999681
12.8975781
12.8977045
12.8994
12.8914689
12.899184
12.899264
12.899152
12.891682
12.898786
12.8822231
12.8932065
12.9003537
12.8992775
12.8976862
12.8994432
12.9000545
12.893367
12.8710809
12.8885127
12.8872946
12.900041
12.8914665
12.8914587
12.899821
12.8391864
12.8350044
12.8368286
12.839852
12.839333
12.8345729
12.826889
12.833346
12.8333975
12.8344447
12.823389
12.861451
12.8545652
12.8543645
12.8474419
12.8724905
12.89307
12.869909
12.8443718
12.8427491
12.8831219
12.8944062
12.8751143
12.861688
12.956801
12.964506
12.9632581
12.963291
12.963481
12.9608987
12.9634447
12.9548891
12.9654553
12.9603511
12.9579846
12.947875
12.9394817
12.9420097
12.9357554
12.92621
12.9356421
12.936746
12.9393118
12.9274719
12.936484
12.9264318
12.9316979
12.9437636
12.931051
12.9388373
12.9367044
12.937056
12.9438736
12.931441
12.93468
12.911262
12.925722
12.9201448
12.914845
12.9205118
12.919815
12.972787
12.9826696
12.975933
12.974531
12.974219
12.97495
12.9728184
12.9735588
12.9747997
12.9758887
12.9725466
12.9806572
12.9820741
12.97515
12.974361
12.9820392
12.976234
12.974486
12.973644
12.9731967
12.9733039
12.974286
12.9736522
12.9734911
12.9753531
12.975517
12.9805848
12.973767
12.973195
12.9736016
12.973267
12.9725416
12.9756396
12.974478
12.972191
12.9729847
12.9762541
12.974599
12.982867
12.972191
12.97463
12.9756032
12.974763
12.9754815
12.9735074
12.98322
12.974246
12.982236
12.980618
12.97495
12.973517
12.972609
12.9745396
12.9804962
12.9759915
12.974717
12.9800556
12.9819137
12.9825369
12.9800602
12.975453
12.9760749
12.9800966
12.9757876
12.9737336
12.973267
12.9732763
12.975399
12.9750808
12.9745147
12.9740678
12.9808376
12.9799068
12.9739253
12.887039
12.9131327
12.920493
12.9109564
12.912995
12.9116897
12.912263
12.9104334
12.9268487
12.906914
12.922085
12.9135113
12.9137341
13.013829
13.0100574
13.0126173
13.010014